bias_U_sigma_0 uhat_0 ncluster_0 bias_U_sigma_1 uhat_1 ncluster_1 bias_U_sigma_2 uhat_2 ncluster_2
0.1 0.25751978550794435 1077 0.23020754766559923 1099 0.21975029353841774 1095
0.3 0.2828978174052471 998 0.2610749607201373 1064 0.25884532120536413 917
0.5 0.29409381973540577 878 0.2801684890404945 950 0.28206317672715364 720
1.0 0.3071938743560754 498 0.33494024877225675 574 0.30691184118388803 667
2.0 0.31952171669961293 1 0.35036637255604847 1 0.31956836636243696 13
3.0 0.3187535164618527 1 0.3424932608353226 1 0.31719575435893127 1
4.0 0.305320542197357 1 0.32456263441598154 1 0.3041760695749326 1
5.0 0.2896766142247346 1 0.30540580472558415 1 0.28936747375214655 1
6.0 0.2782120762164937 1 0.2872287174143409 1 0.27637562729852877 4
7.0 0.2730726986557299 1 0.27452842892729135 11 0.2679714253608271 15
8.0 0.2731493161941407 2 0.2662913392194785 17 0.26359680614020087 25
9.0 0.27603897161085506 2 0.26152767516578945 17 0.26160427978178036 18
10.0 0.2805175183941021 1 0.26090368570423184 18 0.26340084523826784 20